3,2
3,1
3,3
10,164
10,154
10,108
10,268
10,238
10,170
10,98
10,78
8,16
8,9
8,14
8,12
8,2
8,3
66,3
66,2
66,1
66,0
21,3
21,1
20,2
20,3
20,1
17,3
17,2
17,1
16,3
16,2
19,2
16,1
15,3
19,1
15,2
19,3
15,1
14,2
13,2
12,3
12,2
12,1
11,29
11,28
11,27
11,26
11,25
11,24
11,23
11,22
11,21
11,20
11,19
11,18
11,17
11,16
11,15
11,14
11,13
11,12
11,11
11,10
11,9
11,8
11,7
11,6
11,5
11,4
11,3
11,2
11,1
10,313
10,312
10,311
10,308
10,307
10,306
10,302
10,300
10,290
10,289
10,288
10,287
10,285
10,284
10,273
10,269
10,267
10,261
10,260
10,259
10,255
10,251
10,247
10,242
10,237
10,235
10,233
10,232
18,1
10,228
18,3
10,226
10,223
14,1
10,195
14,3
10,192
13,1
